def filter_by_state(list_of_data_cards_1: list[dict], state: str = "EXECUTED") -> list[dict]:
    """Функция возвращает список по заданному ключу 'state'"""
    filtered_list = []
    for data_item in list_of_data_cards_1:
        if data_item.get("state") == state:
            filtered_list.append(data_item)

    return filtered_list


def sort_by_date(list_of_data_cards_2: list[dict], reverse: bool = True) -> list[dict]:
    """Функция возвращает отсортированный список по дате"""
    return sorted(list_of_data_cards_2, key=lambda x: x["date"], reverse=reverse)


if __name__ == "__main__":
    print(
        filter_by_state(
            [
                {"id": 41428829, "state": "EXECUTED", "date": "2019-07-03T18:35:29.512364"},
                {"id": 939719570, "state": "EXECUTED", "date": "2018-06-30T02:08:58.425572"},
                {"id": 594226727, "state": "CANCELED", "date": "2018-09-12T21:27:25.241689"},
                {"id": 615064591, "state": "CANCELED", "date": "2018-10-14T08:21:33.419441"},
            ],
            state="CANCELED",
        )
    )
    print(
        filter_by_state(
            [
                {"id": 41428829, "state": "EXECUTED", "date": "2019-07-03T18:35:29.512364"},
                {"id": 939719570, "state": "EXECUTED", "date": "2018-06-30T02:08:58.425572"},
                {"id": 594226727, "state": "CANCELED", "date": "2018-09-12T21:27:25.241689"},
                {"id": 615064591, "state": "CANCELED", "date": "2018-10-14T08:21:33.419441"},
            ],
        )
    )
    print(
        sort_by_date(
            [
                {"id": 41428829, "state": "EXECUTED", "date": "2019-07-03T18:35:29.512364"},
                {"id": 615064591, "state": "CANCELED", "date": "2018-10-14T08:21:33.419441"},
                {"id": 594226727, "state": "CANCELED", "date": "2018-09-12T21:27:25.241689"},
                {"id": 939719570, "state": "EXECUTED", "date": "2018-06-30T02:08:58.425572"},
            ]
        )
    )
    print(
        sort_by_date(
            [
                {"id": 41428829, "state": "EXECUTED", "date": "2019-07-03T18:35:29.512364"},
                {"id": 615064591, "state": "CANCELED", "date": "2018-10-14T08:21:33.419441"},
                {"id": 594226727, "state": "CANCELED", "date": "2018-09-12T21:27:25.241689"},
                {"id": 939719570, "state": "EXECUTED", "date": "2018-06-30T02:08:58.425572"},
            ],
            reverse=False,
        )
    )
